samsung1   16    5.5   12000000
iphone1    64    4.5   13000000
xiaomi1	   32    5     11000000
htc1       16    5.5   10000000
sony1      32    5     9000000
samsung2   16    5.5   8000000
iphone2    64    4.5   10000000
xiaomi2    32    5     20000000
htc2       16    5.5   10000000
sony2      32    5     12000000
samsung3   16    5.5   13000000
iphone3	   64    4.5   10000000
xiaomi3    32    5     9000000
htc3       16    5.5   4000000
sony3      32    5     3000000
samsung4   16    5.5   1300000
iphone4    64    4.5   6000000
xiaomi4    32    5     3000000
htc4       16    5.5   10000000
sony4      32    5     14000000

